0.691873 0.530609
0.761586 0.663767
1.61016 0.134684
2.31052 0.193609
3.31537 0.211075
4.11107 0.579035
4.30771 0.0875018
5.26228 0.453533
5.92201 0.0778186
6.8981 0.576598
7.55877 0.229136
8.39544 0.632262
8.74813 0.655711
9.19529 0.346958
9.90387 0.619572
11.0609 0.571151
11.9679 0.642168
12.6116 0.538771
12.8094 0.207722
13.8332 0.610897
14.8093 0.225425
15.1098 0.214788
15.5805 0.290424
16.3374 0.699636
17.5728 0.69585
18.068 0.271932
18.7254 0.0190564
19.2044 0.516802
20.4491 0.011461
21.198 0.675959
21.6563 0.420322
22.4151 0.535352
23.1848 0.44639
23.6892 0.502686
24.1285 0.701804
25.132 0.250185
25.5377 0.691551
26.3342 0.101474
27.3802 0.098127
28.2362 0.65714
28.8365 0.426187
29.1004 0.505648
30.2638 0.635022
31.0655 0.443503
31.4314 0.59368
32.3246 0.0461029
32.564 0.352309
33.6291 0.0477992
34.5961 0.484784
34.6862 0.273225
36.054 0.255859
36.456 0.161695
37.2022 0.471774
38.1829 0.50901
38.7828 0.0772235
38.9295 0.0154818
40.2994 0.00337684
40.9781 0.410044
41.0296 0.458653
42.1988 0.629834
42.9528 0.0928586
43.2935 0.498074
44.1871 0.0451809
0.0456942 1.38066
0.879962 0.817923
1.55367 1.04514
2.40833 0.713902
3.52548 0.71049
4.0578 1.24633
4.83303 0.938405
5.04997 1.06957
6.04997 1.0696
7.01608 1.22696
7.70505 0.771562
7.80483 0.735191
9.16142 1.39009
9.21739 1.34671
10.4232 0.949039
11.2143 1.116
11.9565 1.41373
12.613 1.36823
13.4332 1.00915
13.534 0.885934
14.7296 1.25944
15.4301 1.29669
15.6143 1.4016
16.7548 1.20047
17.4856 0.807382
18.3382 1.33941
19.0876 1.37904
19.2549 1.14928
19.9351 1.00391
20.9755 1.00305
21.8973 1.39086
22.2236 1.31137
22.945 1.33054
23.791 0.747669
24.6445 1.16554
24.7588 1.33356
25.5668 0.735933
26.6791 0.774724
27.5245 1.38167
27.8478 1.29068
28.3056 1.25618
28.9935 1.4077
30.3121 1.40797
30.7185 1.40438
31.6748 0.823455
31.9652 1.30817
33.0166 0.838214
33.6855 0.864871
34.5798 1.30821
34.671 1.39202
36.0234 0.967745
36.4781 1.16145
36.7936 1.38855
37.8391 1.00018
38.8118 1.31502
39.1439 1.01509
40.3046 1.14923
40.4504 1.31505
41.5514 1.32957
42.0991 0.875706
42.4449 1.02722
43.5963 1.37686
44.0215 0.991795
0.58975 1.85479
1.2493 2.10186
1.98331 1.98397
2.82336 1.42792
2.87174 1.47962
4.17396 1.76284
4.28222 2.00503
5.53311 1.92359
5.68905 1.54829
6.55758 1.95511
7.72785 1.92937
7.968 1.74998
8.60692 2.09265
9.87403 2.10753
10.3745 1.94981
11.0891 1.83413
12.0072 1.72755
12.0342 1.70465
13.0614 1.86105
14.0565 1.98512
14.191 1.66918
15.2197 2.08303
15.5869 1.90902
16.7372 1.85301
17.312 2.03053
17.9993 1.81057
19.0552 1.96111
19.1036 1.98297
19.9386 1.7951
20.9351 2.08339
21.4515 1.60447
22.5902 2.11192
23.2667 1.42725
23.8791 1.80908
24.1501 2.1119
25.2895 2.10916
26.1193 2.11134
26.608 2.07901
27.0009 1.67373
27.7503 1.87153
28.8763 1.42539
29.2526 1.85924
29.8314 1.52282
30.8763 1.42546
31.5685 1.68474
32.0637 2.10867
33.1183 1.83374
33.8851 2.03136
33.9843 2.11939
34.7207 1.44242
35.714 1.91999
36.0715 2.08939
36.9212 1.51117
37.676 1.46678
38.6543 1.97942
38.9792 1.89417
39.6311 1.88841
40.566 1.5335
41.6058 1.57122
42.2455 1.91155
42.6038 1.50933
43.6007 1.71272
44.2443 1.98234
0.415185 2.76317
1.40692 2.12433
2.11437 2.12781
2.31437 2.3021
3.46353 2.70953
3.84059 2.72311
4.58958 2.43608
5.46844 2.78163
6.35118 2.70919
6.47742 2.24483
7.44843 2.49939
8.43963 2.63177
8.57083 2.1734
9.70253 2.24661
10.5259 2.59502
10.7513 2.19505
11.5386 2.32135
12.6027 2.53875
13.0956 2.72085
14.105 2.59281
14.5675 2.72087
15.0301 2.2132
16.101 2.80603
16.5675 2.72093
17.145 2.13055
18.2745 2.53447
18.7311 2.39721
19.6249 2.44473
20.3274 2.80862
21.1606 2.80974
21.7744 2.66049
21.9266 2.53926
23.3158 2.17473
23.8296 2.30231
24.4679 2.70822
25.2544 2.60646
25.7517 2.41492
26.3874 2.72273
27.5299 2.16897
27.6356 2.15818
28.3021 2.22031
29.1065 2.65055
30.1821 2.45929
30.973 2.49782
31.3314 2.79375
32.2923 2.4447
32.5484 2.13207
33.2725 2.82177
34.0984 2.82178
35.2413 2.46968
35.3592 2.6907
36.4306 2.60265
37.1287 2.68679
37.7245 2.38157
38.3699 2.28958
39.174 2.47794
39.6329 2.77553
40.6432 2.36249
41.029 2.82137
41.7339 2.82575
42.7819 2.67071
43.5051 2.19768
44.223 2.2113
0.246745 3.21646
1.23545 3.06661
1.84072 3.17804
2.82183 3.37151
3.47971 2.99361
3.72876 3.11382
4.77577 3.07817
5.62617 3.32363
5.69751 3.46598
6.56362 3.32502
7.50791 2.99495
8.41462 2.98436
8.4891 3.49083
9.41466 2.92247
10.4143 2.94902
11.2285 3.52963
11.3195 3.3826
12.3694 3.37064
13.3145 3.24116
13.488 3.48668
14.3002 3.37245
15.3335 3.40626
15.8311 2.88848
16.3615 3.15088
17.3681 3.32436
17.7016 2.91318
18.9994 3.37034
19.2025 3.37574
20.3548 2.83104
21.2129 3.48583
21.2515 3.38688
22.5321 3.28744
22.8538 3.19074
23.417 3.15331
24.3324 3.45524
24.9385 3.38694
25.9785 3.29616
26.1678 2.97694
27.0618 3.46283
28.226 3.2546
28.3701 3.34092
29.6037 3.37105
30.0078 3.32799
30.5329 3.39575
31.5323 3.43115
32.1893 3.45142
32.918 2.93177
33.2379 2.82939
34.4529 2.93179
35.1578 3.42519
35.473 2.89052
36.687 3.14233
36.7948 3.00197
37.6855 3.52084
38.2858 3.28989
38.9658 3.52086
39.8218 2.96187
40.9249 3.41352
41.2776 3.44291
41.923 3.35163
42.9117 3.18395
43.1479 2.84474
43.8531 3.10141
0.116525 3.92628
1.1165 3.98847
2.11652 3.92634
2.72411 4.10448
3.10523 3.77649
3.70033 3.57208
4.94359 4.12294
5.05057 4.22851
5.79973 3.63156
6.97924 3.99825
7.10575 4.122
8.22449 3.60836
8.59939 3.7893
9.63208 3.57201
10.3919 3.67034
11.121 3.76007
11.9919 3.88063
12.0614 3.75728
13.3277 3.90249
13.7362 3.73828
14.2896 4.16357
15.2679 3.63545
16.2552 3.79407
16.2705 4.04128
17.0877 4.13788
18.2552 3.79413
18.462 3.57708
19.6587 3.55591
20.3708 4.06686
20.7969 3.951
21.6557 4.0043
22.1409 4.21607
23.095 4.1625
23.4904 4.17301
24.7222 4.02701
25.1446 4.15249
25.797 3.76945
26.3856 3.65609
27.1999 3.79431
27.7859 4.15253
28.358 4.21039
29.0734 3.56437
29.9158 4.22184
31.0218 3.5989
31.1561 3.68433
31.9608 3.7659
33.0869 3.97753
33.681 3.77869
34.3027 4.05301
35.3141 3.66394
35.9472 3.70603
36.2012 3.78241
36.8069 4.14175
37.7359 3.72346
38.877 3.9751
39.3226 3.86447
39.9915 3.89113
40.3131 3.98784
41.3147 4.04127
41.8746 3.72675
42.8009 4.10682
43.2981 4.24044
44.3962 3.67823
0.316765 4.79861
1.17073 4.28414
1.43675 4.87929
2.17734 4.93964
3.50465 4.75112
4.11124 4.68406
4.33746 4.93236
5.43084 4.42976
6.14988 4.68123
6.63221 4.32526
7.51197 4.40362
8.14863 4.61049
8.90646 4.26295
9.3939 4.66913
10.6016 4.30608
10.9836 4.81272
11.8128 4.37881
12.2638 4.94293
12.8154 4.49563
13.7678 4.80044
14.7592 4.51196
15.1119 4.53541
15.6357 4.69291
16.3207 4.30178
17.0752 4.31441
18.0439 4.70234
19.0745 4.36751
19.552 4.66725
19.9952 4.26349
20.995 4.93319
21.2596 4.93904
22.3857 4.39061
22.83 4.91434
24.0172 4.52038
24.5955 4.94462
24.8898 4.42237
25.8388 4.87503
26.816 4.71805
26.9981 4.8083
28.1899 4.64177
28.3222 4.91169
29.2076 4.74017
30.3508 4.38545
31.1119 4.83556
31.6651 4.49066
31.9163 4.40534
32.8107 4.37367
33.6854 4.77868
34.0035 4.32804
35.0125 4.782
35.9061 4.91495
36.4706 4.92245
37.1778 4.56732
38.1303 4.46863
38.3256 4.28909
39.5034 4.85085
39.8537 4.88664
40.7755 4.24576
41.3031 4.8353
42.336 4.83088
42.7246 4.28585
43.7359 4.42922
43.841 4.49474
0.508938 5.11616
1.06583 5.62811
2.01734 5.61561
2.58531 5.19913
3.22675 5.02293
4.07108 5.58289
4.70771 5.20388
5.42398 5.44718
6.24925 5.23689
6.36459 5.51449
7.77309 5.5373
8.06169 5.31938
9.09312 5.45623
9.52513 5.36588
9.94632 5.27587
11.1866 4.98344
11.921 5.59312
12.1802 5.4409
13.0788 5.49869
13.9044 5.64978
14.7525 5.15678
15.5499 5.58867
15.5705 5.55984
16.8694 5.2362
17.4295 5.35314
17.7305 4.96111
18.7704 5.44247
19.1581 5.47091
20.2521 5.4055
21.1007 5.56475
21.6509 5.18336
21.983 5.06231
23.2667 5.14765
23.6198 5.16405
24.4652 5.65444
25.1956 5.65448
25.487 5.58076
26.4652 5.6545
27.4901 5.59
28.1213 5.52555
28.5736 5.60439
29.1573 5.07787
30.0166 5.32797
30.4152 5.62028
31.7722 5.58657
32.1319 5.38382
32.639 5.35913
33.8807 4.95823
33.9858 5.0778
35.3138 5.08733
35.4996 5.65531
36.7294 4.98066
37.1364 5.15192
37.6582 5.57129
38.7116 5.60679
39.2049 5.57401
39.6572 5.65286
40.5435 5.58565
41.5585 5.56585
42.0672 5.61038
42.9545 5.18365
43.4962 5.51475
44.5381 5.30198
0.0191367 6.27213
1.28423 5.74493
1.62206 6.21939
2.77077 6.08042
2.85271 5.70043
4.20043 6.31946
4.75754 6.31005
5.29401 6.08871
6.09612 5.68888
6.73753 6.02781
7.72318 6.35668
7.93094 6.31285
8.49537 6.30537
9.28835 6.19314
9.95542 5.96262
11.2845 6.31698
11.6369 5.83197
12.5731 6.3632
13.2698 6.11623
13.534 6.09279
14.2465 6.20728
15.2682 6.17654
15.8726 6.25776
16.4374 6.16122
17.2493 5.75631
18.2394 5.96186
18.3887 5.72237
19.1398 6.29658
20.4743 6.3442
21.1053 5.92708
21.6168 5.79044
22.1812 5.79793
22.816 6.01042
23.5122 6.17362
24.277 6.29124
25.1288 5.67814
25.4896 5.87393
26.699 6.00863
27.2063 5.6892
28.2305 6.33817
28.4177 6.23803
29.1157 6.05486
29.9009 6.15265
30.7204 5.98657
31.6075 5.99049
32.4325 6.33758
33.1805 5.67397
33.3974 6.0752
34.2281 6.11878
35.0265 5.71422
35.8867 5.69139
36.4203 5.8753
36.8814 6.20101
37.7801 5.72297
38.6499 5.88914
39.5785 5.84803
39.9349 5.95174
40.3972 6.20966
41.5672 6.06006
41.7555 6.33398
42.7307 6.15829
43.6718 5.81998
43.8454 6.21776
0.698187 6.37508
0.733204 7.05544
1.51049 6.57339
2.82304 6.8177
3.46554 6.99501
4.07802 6.39061
4.92261 6.86809
5.59004 6.78789
6.03319 6.38413
6.74326 6.96165
7.57111 6.40387
8.10513 6.72184
9.18268 6.52535
9.49832 7.03558
10.4766 6.96187
11.1451 6.66098
11.9001 7.00426
12.13 6.71291
13.3123 6.88515
13.8483 6.80782
14.8034 6.51148
15.0744 6.76508
16.1886 6.72658
16.6209 6.6578
17.1885 6.73543
18.1118 7.02032
18.9371 6.59286
19.1541 6.36593
20.1305 6.7919
21.1993 7.03479
21.7624 6.7801
22.4992 6.99455
22.96 7.00369
24.023 6.6947
24.071 6.59997
25.1186 6.84866
26.0909 6.94643
26.2999 6.47909
27.5414 7.03643
28.0976 6.42597
28.886 7.04672
29.1556 7.05532
30.4055 6.40557
30.5866 6.54724
31.6478 7.03734
32.517 6.40189
32.9887 6.94805
33.7838 6.64251
33.9776 6.36817
34.6994 7.0675
35.9575 7.06742
36.1621 6.89851
37.3216 6.52177
38.1628 6.70318
38.366 6.81074
39.1075 6.81624
39.8128 7.02152
40.9762 6.89218
41.0437 7.03637
41.8873 6.77418
43.0602 6.78081
43.5129 6.7813
44.5456 6.99862
0.658352 7.55757
0.91202 7.39627
1.48555 7.27725
2.72336 7.66522
3.20478 7.59249
4.21522 7.71162
4.39562 7.41942
5.17462 7.69556
6.33455 7.6793
6.5517 7.21572
7.73249 7.76858
8.27403 7.6914
8.76019 7.47784
9.22123 7.15215
10.5966 7.2205
11.2561 7.62573
11.6232 7.67068
12.6985 7.61676
13.0604 7.23679
13.8363 7.12619
14.4494 7.60128
15.3029 7.07957
15.8656 7.68028
16.9527 7.11448
17.6271 7.6457
17.8437 7.3018
18.8206 7.73277
19.586 7.22765
19.8734 7.72089
20.9768 7.32988
21.8727 7.77399
22.5816 7.42262
22.6649 7.30807
23.8416 7.76304
24.2978 7.54186
24.8528 7.34025
25.8304 7.55107
26.5276 7.25774
27.4225 7.27359
28.0063 7.52224
28.8419 7.14362
29.0423 7.07456
30.207 7.71091
31.0254 7.09816
31.1863 7.49038
31.9505 7.23364
33.2191 7.53922
33.5611 7.19913
34.5434 7.39289
34.6552 7.13372
35.5084 7.65529
36.2986 7.31462
37.2272 7.35576
37.9571 7.74206
38.8838 7.26198
39.0898 7.5707
39.912 7.10954
40.6291 7.54983
41.1553 7.39037
42.0694 7.13751
43.1327 7.69012
43.1552 7.37273
44.215 7.49875
0.0633299 8.27165
1.28694 8.39083
1.98119 8.33542
2.13166 8.48524
3.14368 8.08299
4.14368 8.08302
4.36191 8.27053
5.14368 8.08305
6.24439 8.43036
6.85927 8.28656
7.14337 8.04771
8.23938 8.28892
8.49454 7.7854
9.24515 8.47226
10.44 8.48419
10.837 8.19183
11.5795 8.16304
12.5954 8.27706
13.2056 8.32926
13.5782 8.09231
14.3789 7.88977
15.3387 8.09233
15.6269 8.26498
16.9236 8.46838
17.5493 7.82405
18.0586 8.03924
18.4973 8.14612
19.5497 8.32642
19.8928 8.05623
21.0149 8.28797
21.3556 8.37276
22.3833 7.79734
23.2878 8.23539
23.9424 8.21099
24.7477 8.47246
25.2529 8.14145
25.5421 7.78485
26.8654 8.21747
27.5589 8.4094
28.2168 8.0724
28.3711 8.03335
29.266 8.04921
30.0914 8.4767
30.8788 7.86647
31.2641 7.96079
32.1218 8.47479
33.2153 8.39969
33.5366 7.98994
34.5019 8.46383
34.8678 8.40172
35.5344 8.46384
36.3095 8.34843
36.9178 8.30801
38.125 7.89918
38.2738 8.07453
39.2002 7.81193
40.1996 7.84733
40.8896 8.44303
41.172 8.14664
42.099 8.47379
43.0985 7.86375
43.5275 8.31025
43.8847 7.79181
0.232289 9.11164
1.27828 9.04267
1.85527 9.15987
2.52776 8.77689
3.25569 8.74298
4.23622 8.50319
4.78461 9.01636
5.44623 9.10588
6.3529 9.16657
6.55821 8.6786
7.76574 9.17387
8.17091 8.54522
9.16152 9.16883
9.23714 8.48805
10.1331 8.93216
11.1469 9.1433
11.6272 8.78451
12.629 9.08006
13.0103 8.50879
13.7467 9.18578
14.4028 8.74368
14.9143 8.60704
16.2522 9.18166
16.3325 9.1445
17.6032 9.15067
18.1954 8.70834
18.996 8.5058
19.4191 8.53393
20.2043 8.8768
21.1818 9.18721
21.4366 8.91732
22.3409 9.1666
23.2257 9.18532
23.9082 8.66126
24.2403 8.5402
24.95 9.02022
25.9711 8.96937
26.1752 8.57109
27.4371 8.51186
28.2289 9.15847
28.8592 8.9931
29.0677 9.03134
30.4021 8.81473
30.5914 9.13396
31.3197 8.83147
32.3628 8.94735
32.7966 9.18434
33.4873 9.10894
34.1062 8.61604
35.1573 9.11268
35.6193 8.48856
36.4664 9.01671
37.3304 8.52175
37.5391 8.77217
38.6568 8.99635
39.3301 8.55716
39.7405 8.6534
40.7865 9.03007
41.0151 8.65227
41.8681 8.95018
42.6631 8.70434
43.69 8.68272
43.8548 8.72061
0.671275 9.85172
1.3331 9.86535
1.69017 9.31993
2.82357 9.86001
3.49499 9.21522
4.14441 9.5367
4.25632 9.48368
5.5571 9.2658
6.32061 9.30443
6.62975 9.68758
7.26923 9.87665
8.28282 9.69138
9.17051 9.20307
9.65045 9.86409
10.592 9.88959
10.9951 9.31598
12.0154 9.71632
12.4897 9.53604
13.3133 9.84773
13.4638 9.54744
14.4584 9.88819
15.4543 9.8895
15.734 9.54775
16.8088 9.44388
17.1708 9.8946
18.3276 9.84058
18.5205 9.67243
19.7621 9.77708
20.4796 9.8841
21.0985 9.30176
21.6379 9.76
22.3768 9.26655
23.0978 9.35486
23.9939 9.79145
24.5727 9.45503
25.0887 9.33658
26.0743 9.49494
26.8367 9.5341
26.9405 9.21465
28.0478 9.31349
28.9541 9.28627
29.6463 9.4839
30.3184 9.84803
30.9174 9.82417
31.1785 9.87089
32.132 9.65223
33.0919 9.32147
33.5507 9.33975
34.2473 9.58674
34.8464 9.41091
35.5359 9.54056
36.6768 9.27853
36.7775 9.44501
37.644 9.53239
38.6355 9.68283
39.1453 9.36209
39.8301 9.71385
40.5075 9.32558
41.22 9.56747
41.7852 9.29229
42.7478 9.56322
43.7652 9.57459
44.0783 9.58317
0.0403529 10.0002
1.18016 10.4087
1.88556 10.5295
2.39288 10.21
3.19937 10.5739
3.58391 9.96318
4.60219 10.4132
5.08161 10.1887
6.33156 10.1302
6.43253 10.4506
7.13031 10.3875
8.41751 9.96012
8.56865 10.1781
9.61873 10.0561
10.5837 10.3185
10.6551 9.97231
11.6055 10.2857
12.5705 10.5481
13.2499 10.0317
13.5194 9.9434
14.2743 10.1465
15.1702 10.5906
16.2527 10.502
16.5482 10.1659
17.0769 10.575
18.2771 9.90219
19.0756 10.5042
19.2165 10.37
20.2679 9.90006
20.7591 10.3308
21.4395 10.1935
22.525 10.2298
22.7572 10.4193
23.4823 10.4397
24.69 10.5163
24.7565 10.4724
25.8584 10.5164
26.7868 10.0964
27.4241 10.4522
27.6387 10.2962
28.784 9.99027
29.3236 10.3576
29.7222 10.0653
30.7833 9.93722
31.746 9.98855
32.3898 10.5932
32.5843 10.5881
33.3701 10.324
33.9414 10.6009
35.0181 10.3961
35.8893 9.90504
36.0961 10.1996
37.0178 10.4315
38.0815 10.3754
38.5647 9.93852
39.0171 10.3784
40.0678 10.4137
40.5215 10.2025
41.7181 10.3738
41.8148 9.96106
42.5032 9.98837
43.3045 10.5929
44.2948 9.92708
0.521396 10.6501
1.38547 11.1867
1.57483 10.8675
2.53256 11.2921
3.16256 10.6735
4.04416 10.9494
4.25919 10.6914
5.25859 11.1906
5.95793 11.1348
6.89703 11.1335
7.15399 11.0565
8.16872 10.9822
9.11271 10.6523
9.76894 11.0776
10.5755 10.6896
10.6192 10.987
11.663 10.9683
12.6219 10.68
13.1902 10.8728
14.1381 11.1544
14.336 11.142
15.1374 11.119
16.1334 10.9333
16.4981 10.7329
17.1324 10.9775
18.113 10.7751
18.654 11.1737
19.7148 11.2958
20.2657 10.9175
21.1546 11.225
21.3521 10.9799
22.3543 10.9443
23.312 10.941
23.3443 10.8032
24.2931 11.1345
25.4321 11.1608
25.6948 10.9515
26.8223 11.312
26.9124 11.1005
28.1866 11.1332
28.9372 10.8608
29.0996 10.6079
30.0564 11.0437
31.0439 11.2603
31.6282 10.8075
32.1271 10.6306
33.022 10.6465
33.7225 11.0193
34.214 10.8763
34.8309 10.8763
35.7476 11.2715
36.2062 11.0531
36.9768 10.8004
38.0878 10.6959
38.2287 11.2754
39.0541 10.8479
39.7568 10.8012
40.4793 11.0254
41.3186 11.1837
41.8101 10.6882
42.5029 10.8153
43.1998 11.2584
44.5001 10.9214
0.701069 12.0099
1.2241 11.6909
1.75547 11.9223
2.33965 11.5215
3.05629 11.3167
3.73546 11.64
4.68748 11.999
5.05629 11.3167
6.24486 11.8019
7.02649 11.4516
7.27614 11.4441
8.41981 11.3733
9.06405 11.6511
9.47175 11.5856
10.0136 11.7828
10.8195 11.5147
11.9649 11.3439
12.2783 11.5045
13.3553 11.4309
13.4546 11.6186
14.7064 11.4765
15.1737 11.3818
16.2326 11.4137
16.4991 11.7514
17.3421 11.5016
17.6898 11.9463
18.5302 11.7245
19.7839 11.9804
20.3829 12.0178
20.5238 11.8836
21.7515 11.3988
22.3984 11.4794
23.323 11.7668
23.3397 11.8356
24.2744 11.3456
25.2742 11.328
26.057 11.9514
26.722 11.7239
27.3481 11.3824
27.7044 11.9887
28.7044 11.9887
29.6985 11.75
29.7022 11.9179
30.6966 11.8119
31.8159 11.8979
31.8864 11.8308
33.124 11.4225
33.2422 11.3158
34.3333 11.8704
34.8566 11.9098
35.9707 11.473
36.0979 11.6202
36.7858 11.3316
37.702 11.7706
38.6322 11.4593
38.9681 11.4622
39.7569 11.707
41.0084 11.4355
41.1114 11.5569
41.7343 12.0068
42.4295 12.0135
43.4795 11.6002
44.009 11.8648
0.150227 12.671
1.21287 12.3253
1.98454 12.6066
2.29297 12.4792
3.19285 12.0431
3.68274 12.0961
4.68466 12.0343
5.2827 12.4944
5.68274 12.0962
6.72267 12.4315
7.72692 12.0943
8.03205 12.3352
8.78673 12.6255
9.54292 12.6055
10.5045 12.7104
11.3038 12.0959
11.8194 12.4017
12.4731 12.5457
13.3697 12.0544
13.8763 12.1157
14.3379 12.4092
15.4353 12.0357
15.6131 12.2781
16.4641 12.1157
17.0973 12.7038
17.9216 12.1377
18.5316 12.0604
19.629 12.1504
20.2557 12.1651
21.191 12.629
21.4803 12.4608
22.4752 12.727
22.6438 12.63
23.7664 12.6419
24.7118 12.1548
24.8089 12.4912
25.8766 12.2436
26.805 12.6151
27.0077 12.3254
27.8289 12.472
28.8968 12.6842
29.676 12.2254
29.8211 12.2952
30.5413 12.6583
31.5706 12.3423
32.4963 12.6843
32.54 12.5876
33.8688 12.0955
33.9527 12.0305
35.2705 12.1887
35.4104 12.3924
36.4524 12.3276
36.8698 12.47
37.5902 12.6354
38.295 12.2926
38.917 12.4181
40.2787 12.1264
40.5419 12.5026
41.4659 12.2643
41.8013 12.6882
42.4664 12.7103
43.2901 12.6841
44.3257 12.1973
0.0692449 12.8479
1.34256 12.8023
1.7085 13.3835
2.47486 12.7391
3.02986 13.0297
4.11828 13.3422
4.89726 13.4337
5.10372 12.7787
6.04059 13.1545
7.00871 12.7906
7.77016 13.1762
8.44919 13.0287
8.85964 13.4163
9.63529 13.1987
10.5289 12.736
11.1326 13.1625
11.963 13.4316
12.5552 12.9892
13.4294 13.4152
14.042 12.7923
14.2098 12.8908
15.1109 13.1188
16.2048 12.7494
16.7716 12.9447
17.6232 13.3314
17.7911 13.1743
19.0431 13.3911
19.1956 13.1806
19.8487 13.1325
21.1824 13.4102
21.8311 13.3972
22.2484 12.8964
23.2989 12.9046
24.0351 12.8979
24.2538 13.0481
24.9416 13.3414
25.9382 13.1138
26.8678 12.7805
27.1965 13.3026
28.2563 12.8827
28.981 12.8399
29.3108 13.254
30.3047 12.732
30.7251 13.4278
31.5501 12.7287
32.5224 12.8523
32.5425 13.1346
33.5043 13.2234
34.5224 12.8523
34.9812 12.8706
35.5847 13.0667
36.0712 13.4169
36.9351 12.7545
38.0807 13.3945
38.2575 13.3858
39.536 12.789
39.854 13.1443
40.7513 13.1015
41.5357 12.8244
41.8364 12.8796
42.7287 13.4013
43.6046 13.389
43.8517 13.0643
0.000953317 14.1326
0.937456 13.7407
1.92617 13.5908
2.79722 14.0035
2.86687 14.0163
4.22235 13.4627
4.88467 13.8399
5.06469 13.9983
5.88627 13.5837
6.87966 13.6985
7.2025 13.999
8.24783 13.477
9.08599 13.5546
9.89267 13.5132
10.4876 13.9217
11.2943 14.1267
11.7969 13.6383
12.7113 14.0954
13.3368 13.7746
14.0055 13.4679
14.4155 13.6477
15.3114 14.0919
15.8371 13.6499
16.3603 13.4379
17.2016 14.0009
18.2837 14.0947
19.0386 13.727
19.2049 13.7099
19.8724 13.8015
21.0336 13.5856
21.581 14.0928
22.6088 14.0884
22.652 13.9818
23.8995 13.9188
24.4358 13.5182
25.369 14.0072
25.5111 14.1402
26.4147 14.0629
27.2188 13.8745
28.2196 13.9863
28.3119 13.9337
29.476 13.7095
29.8563 13.7898
30.4521 14.095
31.1289 14.0049
32.4208 13.5804
33.0616 14.0848
33.6849 13.7962
34.5096 13.7524
34.7684 13.8106
35.398 14.1262
36.2697 13.6427
37.2006 13.6934
37.699 13.468
38.7825 13.4536
39.3018 13.6748
39.8196 14.126
40.7599 13.7534
41.3357 13.6613
41.8177 14.0376
42.7399 13.4712
43.8116 13.4365
44.4296 13.7361
0.589068 14.7245
1.03829 14.3827
1.53369 14.5858
2.55387 14.5655
3.52046 14.8154
4.00076 14.4566
4.94516 14.2061
5.12874 14.6651
6.0042 14.1818
6.9962 14.1426
7.21747 14.5633
8.18963 14.2021
9.18928 14.2286
9.21182 14.2013
10.2401 14.6239
10.9506 14.6179
11.4361 14.732
12.5557 14.3095
13.334 14.3915
13.4354 14.7851
14.3797 14.455
15.1641 14.2909
16.0332 14.7912
16.2943 14.8417
17.0715 14.6931
18.2182 14.1892
19.0714 14.7108
19.5139 14.513
20.0976 14.3946
20.6344 14.6658
21.5585 14.5161
22.5576 14.3481
22.6306 14.7896
23.5557 14.41
24.5086 14.7542
25.2725 14.3011
25.9557 14.3604
26.2579 14.1449
27.4478 14.8409
27.8567 14.2675
28.8552 14.7808
29.2773 14.6975
30.3851 14.3891
30.6347 14.2993
31.1409 14.2226
32.4251 14.8086
32.5625 14.5817
33.7294 14.8467
34.6011 14.8119
34.6727 14.8467
35.7319 14.4414
36.6528 14.5491
36.7901 14.4684
37.6185 14.2353
38.2154 14.291
39.1319 14.8023
40.0257 14.4348
40.3883 14.2576
41.0761 14.4091
42.2861 14.3971
42.4281 14.469
43.2833 14.3596
44.0379 14.7294
0.394597 14.9537
1.39684 15.4411
1.5692 15.2542
2.82667 15.5402
2.8522 15.5157
4.03957 14.9786
4.89346 15.085
5.46856 15.1158
5.7842 15.3718
6.66865 15.2075
7.49214 15.2868
8.47129 14.9247
8.74292 15.5238
9.76508 15.2776
9.9133 14.9296
10.7426 15.4884
11.4433 14.9618
12.4431 14.9087
12.7425 15.5061
13.5605 15.0584
14.8422 15.3789
14.8501 15.5557
15.9631 15.2321
16.8422 15.379
17.1202 15.1496
18.2471 15.2769
19.0013 14.8538
19.7966 14.8523
20.4972 14.8874
20.7671 15.516
21.8048 15.3766
21.9836 15.5521
23.272 15.3689
23.363 15.5454
24.3486 15.254
25.3476 15.2982
25.487 14.9542
26.7604 15.0095
27.2727 15.4325
28.2708 15.5212
28.295 15.4179
29.5069 15.1341
29.7127 14.8686
30.8178 15.292
31.4432 15.256
32.2187 15.4637
33.2316 15.4832
33.6985 14.8639
34.5593 15.3387
35.2724 14.9574
35.3577 14.9341
36.0956 14.8917
36.9791 15.2316
38.1496 15.3227
38.2663 15.3858
39.4398 15.1889
39.6032 15.5222
40.5712 15.2118
41.0204 15.5537
42.0332 15.2433
43.0924 15.0689
43.2612 15.3593
43.9252 15.111
0.66975 16.0201
0.898172 15.7738
2.01262 16.1293
2.60711 15.7944
3.5259 16.2551
3.76919 16.08
4.94401 16.2202
5.08672 16.1155
5.85352 15.8088
6.96435 15.9322
7.72889 15.5951
8.10862 15.9115
8.93788 16.2608
9.84523 15.7334
10.2819 15.6672
10.7838 15.9104
11.7669 15.8879
12.0496 16.2272
13.1688 15.7489
14.0723 15.6618
14.7585 16.2308
15.0425 16.2513
15.6589 16.0554
16.9334 16.1998
17.6355 16.1029
17.7775 16.2359
18.8328 15.5734
19.15 16.0062
20.3652 16.0402
20.8308 15.6619
21.2448 16.2317
22.2618 15.9351
22.628 16.1819
23.4716 15.9915
24.4991 15.8273
25.2642 15.9448
25.7145 15.9124
26.2718 15.7417
27.263 15.874
28.2571 15.6354
28.33 16.0769
29.2551 15.6973
30.204 16.0286
30.437 15.5585
31.1851 16.2221
31.9001 15.8833
32.5676 15.833
33.5789 16.2221
34.2011 15.7285
35.2132 16.0958
35.5055 15.9327
36.5638 16.1855
37.4366 15.6712
37.7334 16.232
38.5424 15.6443
38.9748 15.8655
39.7202 16.0025
40.3086 16.256
41.4538 16.2156
42.2239 15.6803
42.4528 16.1714
43.4443 16.0213
43.9168 16.2281
0.340316 16.6426
1.36545 16.7767
1.66096 16.4406
2.25637 16.6178
3.22611 16.9258
4.22513 16.97
4.70078 16.4519
5.64181 16.9473
6.04268 16.7911
6.68409 16.9058
7.77594 16.8983
8.16402 16.9206
8.68329 16.5776
9.67497 16.9385
9.96145 16.7491
11.2821 16.8726
11.3314 16.9235
12.3548 16.468
13.1619 16.7663
13.6981 16.7934
14.4693 16.5874
15.0745 16.3144
15.6981 16.7935
16.9567 16.2666
17.6413 16.3201
18.3533 16.5774
19.031 16.5342
19.1152 16.6898
20.2662 16.3979
21.1095 16.7859
21.8468 16.6296
22.2349 16.7501
22.9883 16.3278
23.9117 16.6903
24.0538 16.8233
25.3636 16.5004
25.5294 16.8715
26.3631 16.3102
27.3791 16.3905
27.6267 16.8585
28.8796 16.6241
29.2133 16.5568
30.1992 16.3894
30.7038 16.7364
31.1291 16.2655
32.4924 16.8305
32.8692 16.9511
33.8781 16.4972
34.0602 16.7364
34.9893 16.9381
35.8396 16.8752
36.1187 16.7636
37.4215 16.7982
37.5199 16.8381
38.7295 16.3204
39.5968 16.9584
39.6328 16.8585
40.3347 16.9585
41.5967 16.9408
42.2599 16.695
42.4461 16.3392
43.379 16.7575
44.2815 16.8752
0.246394 17.323
1.24655 17.3053
1.59647 17.0386
2.24514 17.2522
3.14495 17.5355
4.22222 17.4619
4.26698 17.2543
5.22326 17.551
6.3594 17.5694
6.57523 17.3602
7.25439 16.9892
8.37466 17.436
9.10611 17.1591
9.40902 17.3608
10.3614 17.6656
10.7545 17.6094
11.638 17.2695
12.6614 17.4062
13.0334 17.6094
13.7181 17.0757
14.1702 17.4309
15.1601 17.581
16.1569 17.6606
16.9613 17.0533
17.4883 17.6573
18.0385 17.2759
18.666 17.0993
19.6229 17.4983
20.4127 17.5743
21.0692 17.6476
21.6016 17.524
22.6268 17.6701
22.7451 17.6102
24.0189 17.6541
24.42 17.0701
25.0081 17.2192
25.9963 17.4218
26.2426 17.5941
26.9948 17.4489
27.7473 17.0112
28.8595 17.6578
29.5166 17.3249
30.3915 17.63
30.5122 17.1145
31.5627 17.251
32.5039 17.6727
32.653 17.5216
33.6916 17.0239
34.2208 17.0122
35.1395 17.3564
35.4724 17.6465
36.7064 17.4745
36.8202 17.5236
37.8301 17.0076
38.3785 17.5536
39.4018 17.3349
40.3023 17.6671
40.5073 17.5326
41.4848 17.6184
42.1083 17.1284
43.1222 17.3185
43.2903 17.0075
44.0725 17.6305
0.293884 17.6911
1.38734 17.7662
1.9697 18.2792
2.68645 18.2636
2.92993 17.7935
4.19698 17.7614
4.2624 18.2868
5.19882 17.7172
6.1969 17.7791
7.06782 18.2806
7.21537 18.1285
8.46309 18.1933
9.08657 18.3621
9.27039 18.1708
10.4704 17.8483
10.6136 17.7166
11.7835 18.2592
12.1945 18.2993
13.4247 17.966
14.001 17.8516
14.1648 17.8373
15.1897 17.9144
16.2555 17.7622
16.9274 18.3351
17.0573 18.279
18.3169 18.265
18.4047 18.2053
19.4756 17.6974
20.4672 17.6855
21.0238 18.3417
21.6829 18.3754
22.6173 18.139
23.2002 18.0652
23.537 17.9092
24.3545 18.3326
25.1726 18.2731
26.0697 17.8285
26.6787 17.7868
27.1656 17.8717
27.8472 17.7868
28.9816 17.6785
29.317 17.6963
30.3832 17.8951
30.4568 18.3662
31.7983 18.3814
32.382 17.8244
33.2123 18.3839
33.8896 18.0061
34.1104 18.0061
34.7654 18.3565
35.6386 17.8533
36.0822 18.3408
37.3448 17.8804
37.65 18.2467
38.5273 17.8148
39.0672 17.7223
40.1729 18.3741
40.4525 18.3567
41.4334 17.7503
41.8148 18.3443
42.7876 17.7059
43.2874 18.3192
43.9958 17.7162
0.658869 18.4703
1.41285 19.0708
1.74205 18.7766
2.59975 18.5881
3.17443 18.6718
3.59098 18.7295
4.5685 18.9403
5.63445 18.606
5.91662 18.4061
6.95183 18.4685
7.77454 19.0736
7.85552 18.8967
8.89275 18.6364
9.84069 19.0193
10.0241 18.5432
11.1821 18.5507
11.3611 18.4069
12.7232 18.6943
13.2979 18.9409
13.5943 18.8906
14.4598 18.7187
15.5374 18.4455
15.7089 18.5545
16.8906 18.9632
17.6558 19.0801
18.0617 18.4834
18.8868 19.0871
19.1615 18.9622
20.1865 19.0393
21.1537 18.7854
21.3732 18.58
22.463 18.8122
23.2154 19.0716
24.0211 18.6081
24.1832 18.7963
25.4086 18.667
25.5837 18.8662
26.7111 18.4078
27.2481 18.6759
28.2761 18.3872
28.7149 18.6423
29.214 18.6511
30.0708 18.4221
30.7957 19.0425
31.7362 19.0501
32.0701 18.4752
33.1203 18.5245
33.8165 18.8933
34 19
34.9981 18.9381
35.9824 18.7353
36.7199 18.6711
36.8341 18.8283
37.8871 18.759
38.6854 19.0407
38.905 19.0745
40.2782 18.7814
40.4266 18.4412
41.0914 19.0109
41.8853 18.7526
42.589 19.0815
43.6699 18.6323
43.9463 18.9989
0.355773 19.6901
1.31424 19.4112
1.66372 19.1933
2.634 19.4479
3.02886 19.0923
3.65737 19.3524
4.87439 19.5709
5.27444 19.3116
5.89875 19.1239
6.56764 19.1505
7.64906 19.5518
8.1726 19.5355
8.67008 19.193
9.89776 19.1292
10.4937 19.7495
10.6174 19.6492
11.8939 19.2531
12.1618 19.7064
12.7443 19.1709
13.5903 19.745
14.7969 19.1269
15.1365 19.3807
15.5727 19.5733
16.9094 19.3868
17.6418 19.1126
17.8981 19.2369
18.6868 19.2862
19.3315 19.6097
20.3052 19.3145
20.7826 19.3634
21.8899 19.4622
22.2431 19.4073
23.0575 19.2388
23.928 19.7749
24.2053 19.7943
25.1632 19.5063
26.1305 19.2525
26.7916 19.4385
27.5705 19.0958
27.9612 19.3986
28.4825 19.6152
29.3424 19.6457
30.4016 19.578
31.1126 19.7851
31.5316 19.219
32.0153 19.2471
33.0077 19.1236
33.2944 19.7087
34.6055 19.7958
34.9111 19.4121
35.9718 19.3347
36.2877 19.5729
36.9618 19.4759
37.923 19.7736
38.4876 19.6066
39.0542 19.2256
39.8226 19.3809
40.3912 19.7491
41.4584 19.7118
42.142 19.2944
42.6217 19.0951
43.1911 19.7664
44.1839 19.6247
0.0228187 19.8471
1.31871 20.3882
1.92384 20.3498
2.81758 19.9069
2.98223 20.1584
4.0583 19.8004
4.47653 20.0194
5.62184 20.2612
5.75469 20.1909
6.84439 20.4563
7.65147 20.0988
8.45803 20.5037
8.78079 20.441
9.63146 19.8165
9.9708 20.4759
11.2814 20.4053
11.8248 20.4604
12.0922 19.8088
13.2248 20.0502
13.6871 19.8863
14.7703 20.2945
15.0667 20.2442
16.2198 20.4722
16.8645 20.1105
17.5507 20.3959
18.3465 19.9285
18.518 20.1421
19.4852 19.8882
19.971 20.3982
20.6274 20.2097
21.6851 19.8006
22.6261 20.139
22.668 19.967
23.6108 20.3151
24.3307 20.1247
25.3061 19.8185
25.985 20.2418
26.7218 20.0589
26.9236 19.8615
27.7194 20.4643
28.648 20.4232
29.3021 20.454
30.3032 20.4982
30.9842 20.1144
31.3692 20.2505
32.3513 20.1322
32.564 20.3921
33.5051 19.8689
34.5477 19.8367
35.3338 20.4903
35.3857 20.4421
36.3799 20.2477
36.8557 19.8025
37.8478 20.028
38.3482 19.8323
39.538 20.2707
40.2267 19.8701
40.4224 20.324
41.5248 20.0411
42.2216 20.0116
43.1215 20.4478
43.2185 19.9321
44.1648 20.485
0.127613 21.1907
0.885958 20.5416
2.09291 20.5984
2.57672 21.0353
3.51781 20.6421
4.23936 20.5316
4.63039 20.9393
5.16129 20.9926
6.15467 21.1074
6.69388 20.7566
7.75545 20.5098
7.8317 20.6888
9.10952 20.9631
9.89396 20.6926
9.92054 20.6082
10.8332 21.058
11.7911 21.094
12.2393 20.8242
12.7808 20.8377
13.7799 20.882
14.2167 20.5245
15.135 20.9204
16.1555 20.6371
16.5992 20.7572
17.6092 20.5815
17.7343 20.8548
19.0691 20.7975
19.5692 20.8847
20.1948 20.5406
20.7627 20.8653
21.7186 20.5591
22.5911 20.632
22.6538 21.0336
23.5889 20.5613
24.5883 20.5259
25.1101 20.9726
25.7349 21.2129
26.8462 20.9823
27.3265 20.6235
28.0184 20.5393
28.9713 20.5142
29.4778 20.9257
29.9049 20.6434
30.9052 20.6202
31.5435 20.6752
31.9252 20.8754
32.9045 20.6733
33.315 20.879
34.3956 20.9605
35.154 20.6335
36.0349 20.5501
36.6899 21.2014
37.0672 21.0081
37.558 20.5528
38.502 20.8828
39.553 20.6944
40.1713 21.0446
40.482 21.1651
41.3746 21.0626
41.9238 20.9283
42.6854 20.8975
43.8292 21.2015
44.1561 20.5193
0.68414 21.5434
1.37574 21.411
1.42128 21.2769
2.35617 21.6318
3.17975 21.2738
4.1891 21.4769
4.31811 21.8993
5.17904 21.3269
6.02543 21.3391
6.56403 21.2698
7.59064 21.22
8.36477 21.3643
8.5508 21.4994
9.8171 21.3576
9.92629 21.9114
10.8182 21.3399
11.8143 21.2515
12.0289 21.8486
13.3953 21.4927
13.4603 21.3473
14.3811 21.7445
15.4587 21.2571
15.7015 21.8937
16.2976 21.6764
17.3013 21.733
18.0493 21.2804
18.4046 21.5711
19.6532 21.8812
20.0185 21.8158
21.1901 21.5311
21.7769 21.4874
21.9348 21.3202
22.8727 21.5539
23.9214 21.271
24.1245 21.4119
25.2078 21.3109
26.0685 21.2515
26.3877 21.7104
27.546 21.5139
28.168 21.3884
28.9282 21.6964
29.0257 21.4882
30.1314 21.6825
31.0896 21.5136
31.1536 21.6399
32.1624 21.3435
32.7678 21.6639
33.6225 21.3694
34.6017 21.7315
35.3537 21.2368
35.8038 21.3276
36.2627 21.3134
36.981 21.3696
37.7904 21.5255
38.238 21.2861
39.0658 21.8668
40.286 21.7869
40.4365 21.3905
41.2536 21.2987
41.7512 21.2155
43.0859 21.8152
43.741 21.3122
44.5073 21.8899
0.585828 22.4475
1.30232 22.1988
1.76619 22.3375
2.29872 22.1104
3.29106 21.9868
3.57146 22.5167
4.35491 21.9797
5.59222 21.9343
5.84064 22.3722
6.59954 21.9383
7.70223 22.0285
7.83282 22.1955
8.56405 22.4993
9.35458 22.0944
10.3299 22.5919
11.0963 21.9475
11.3821 22.1533
12.3439 22.2741
13.2698 21.9708
13.8907 22.4977
14.2972 22.5319
15.2522 22.2355
15.5952 21.9574
16.4556 22.4353
17.4615 21.9874
18.182 22.6077
19.0429 22.0353
19.3256 22.5369
20.4677 22.5731
21.18 22.0494
21.4782 21.9664
22.52 22.1584
23.1772 21.9432
23.6294 22.2811
24.6148 22.5258
25.2733 22.405
25.7423 22.1594
26.8491 21.957
26.8747 21.9325
28.2697 22.3871
28.7858 22.3862
29.6463 22.4796
29.8327 22.1345
30.7851 22.4393
31.3624 21.9468
32.2865 22.5754
33.2207 21.9314
33.5225 22.5754
33.9552 22.3751
34.6922 22.1101
35.4614 22.0849
36.2242 22.0431
37.2845 22.5341
37.6906 22.5484
38.3903 22.3715
38.918 22.0193
39.6269 22.5365
40.5278 22.0086
41.058 22.0436
42.1243 22.0092
42.5126 21.9903
43.6588 22.6071
44.3042 22.0606
0.128129 22.7135
1.40307 22.6467
2.1186 23.2603
2.40975 23.0928
3.33769 22.9056
3.71866 22.6933
4.94357 22.699
5.65554 23.0442
6.13568 23.2536
7.03143 22.8
7.47015 23.1823
8.45234 22.9805
8.54038 22.6749
9.54055 23.2374
10.3783 22.6436
11.1293 23.1305
11.4883 23.2247
12.1052 23.2302
13.3642 22.8955
13.4525 23.1078
14.7555 23.0815
14.8684 22.784
15.754 23.2525
16.7801 23.3029
17.0541 23.2365
18.285 22.8133
18.4764 23.0893
19.6104 22.7288
20.3159 22.7215
21.1482 23.3068
21.3421 23.144
22.3083 22.8099
23.3077 22.7745
23.423 23.1642
24.5311 23.0752
24.8651 23.3179
25.9402 23.1501
26.2925 22.9652
27.5235 22.6971
28.2624 23.016
28.9628 23.2635
29.5224 22.819
30.2448 23.2807
30.7831 22.8809
31.8046 22.9227
32.5089 22.6338
32.7719 22.6689
33.2653 22.6405
34.4976 22.8458
34.764 22.8457
35.4477 23.1173
36.4965 23.0506
37.3737 23.0896
37.817 22.7619
38.8279 22.8561
39.4296 22.6547
39.6984 22.6526
40.6521 23.085
41.619 22.7133
42.2613 23.0061
42.4271 22.6351
43.8117 22.6516
44.1202 22.7846
0.692931 23.5434
1.03582 23.3461
1.80986 23.5246
2.72873 23.9745
2.93026 23.8019
4.10711 23.3696
4.57396 23.92
5.59107 23.3406
6.22523 23.3853
6.70791 23.8491
7.76703 23.3395
7.79973 23.353
8.9116 23.4666
9.33452 23.3395
10.5936 23.6643
11.0787 23.7251
11.3188 23.4421
12.3173 23.9553
13.4099 23.9425
13.834 23.6257
14.6821 23.4812
15.2903 23.4312
16.1225 23.752
16.6758 23.6403
17.3272 24.0105
18.2935 23.4488
19.0287 23.5537
19.7903 23.9866
19.9063 23.3984
20.8233 23.8127
21.4197 23.4344
22.5145 23.3835
22.7674 23.6159
23.5397 23.4024
24.1192 24.0385
25.0409 23.3776
25.6323 23.3383
26.282 23.7563
27.3096 23.7335
28.2476 23.3868
28.3813 24.0071
29.4912 23.9644
30.3689 23.3486
31.0747 23.7271
31.1856 23.887
32.3397 23.5707
32.7586 23.6688
33.2667 23.5379
34.2912 23.9695
35.2903 23.5109
35.3728 23.3347
36.3552 23.5375
37.2061 23.4382
37.5872 23.5151
38.4084 23.4276
39.4266 23.834
40.1612 23.5402
40.3997 23.3571
41.3778 23.5032
41.9135 23.4507
42.7905 23.3518
43.2873 23.5543
43.9859 23.9604
0.355729 24.3651
1.35322 24.2944
1.45067 24.0476
2.33524 24.516
3.488 24.6126
3.73927 24.3897
4.88176 24.1274
5.54964 24.3509
6.16656 24.3455
6.88788 24.2264
7.71829 24.0616
7.91215 24.3985
9.11616 24.0801
9.41647 24.0934
10.103 24.0642
10.8738 24.0962
11.7596 24.5839
12.057 24.1208
13.0009 24.5159
14.1091 24.6574
14.7998 24.3336
15.1321 24.5195
15.9554 24.5011
16.9459 24.5818
17.1784 24.1858
18.2882 24.5166
19.0499 24.7036
19.7883 24.075
19.8451 24.5484
20.9215 24.5738
21.7883 24.0751
22.1828 24.4282
22.8085 24.7112
23.6336 24.7478
24.6216 24.2959
25.3705 24.4026
25.9248 24.2959
26.4253 24.2111
27.5174 24.0701
28.1812 24.3846
28.4225 24.105
29.6024 24.0521
30.1001 24.3183
31.0978 24.0511
31.3608 24.0862
31.9556 24.4948
32.5334 24.6546
33.5229 24.5225
34.0385 24.2167
34.7892 24.1232
35.461 24.1172
36.6588 24.709
36.8837 24.5095
37.9641 24.5297
38.4744 24.3885
38.9979 24.0621
39.9178 24.5153
40.9207 24.0616
41.6918 24.6984
41.8704 24.3749
42.8981 24.3614
43.1769 24.5482
44.1656 24.6981
0.599303 24.9513
1.33284 25.4458
2.10237 25.4257
2.16497 25.0173
3.25805 24.904
4.12718 25.4043
4.8964 24.9928
5.59651 25.2411
6.13133 25.1702
7.0388 25.3908
7.64871 25.0288
8.47931 25.4326
9.03848 25.3554
9.25047 25.3677
10.4682 25.0092
10.766 25.3107
11.721 25.1427
12.7173 24.8718
13.2249 25.4031
13.6996 25.4358
14.8083 25.3723
15.4071 24.9704
15.6135 24.7518
16.8455 24.8651
17.5444 24.8941
17.8607 24.9858
18.7754 25.3899
19.7907 25.4552
19.9734 24.9153
21.1969 24.8815
21.8369 25.0739
22.4443 25.0757
23.0341 24.7557
23.4756 24.7674
24.2461 25.2227
25.2552 25.0292
25.4754 25.0954
26.8618 24.8289
27.2272 25.1069
28.0092 25.3726
28.9109 24.771
29.3138 24.9551
30.4049 24.7721
31.0491 25.0499
31.4403 24.9906
32.4393 24.9464
32.8313 25.0486
33.4203 25.2729
34.4579 24.8552
35.0175 25.0705
35.7212 25.0985
36.2314 24.9574
37.3112 24.8765
37.6481 25.0235
38.2203 24.7493
39.3563 25.3076
40.2874 24.8355
41.0047 25.0581
41.1358 25.0382
42.3566 25.4538
42.5069 25.2798
43.6198 25.3259
44.0012 25.1143
0.3987 26.1602
1.34789 25.4967
1.56091 25.9622
2.12844 25.475
2.9369 25.9389
3.94748 26.1419
4.93619 25.992
5.45656 25.7582
6.16473 25.8067
6.66676 25.6387
7.6567 25.9011
8.29505 25.4952
9.16142 25.7923
9.70474 26.1066
10.5991 25.6633
10.9501 25.952
11.9016 26.1473
12.2171 25.9202
13.3661 25.8469
13.4545 25.7145
14.7914 25.5839
14.9917 25.878
16.1312 25.6714
16.7907 25.637
17.2257 26.104
18.1285 26.1524
18.7396 25.6884
19.738 25.7503
20.4025 25.5171
20.7376 25.7768
21.3927 26.0355
22.2185 26.0282
23.0795 25.5693
23.541 25.9788
24.1414 26.1339
25.3727 26.1495
26.0292 25.6548
26.5325 25.5168
27.4772 25.747
27.6854 26.1163
28.9547 25.8884
29.6867 25.4684
30.2655 25.8697
30.8068 26.0298
31.528 26.0043
32.1182 25.7712
33.1912 25.9573
33.2768 25.7825
34.1175 25.7182
35.2906 25.458
35.7107 25.5485
36.1791 25.9839
36.8969 25.5094
38.0109 26.0372
38.3316 25.7771
39.5868 25.5519
39.9618 25.8168
40.6297 26.0404
41.7044 25.9017
42.2545 25.5519
42.7043 25.9194
43.695 25.7073
44.4435 26.096
0.0951142 26.6772
1.39695 26.5883
1.71589 26.1775
2.30492 26.2285
3.07275 26.7184
4.23899 26.7993
4.32176 26.6428
5.57258 26.249
6.13355 26.5955
6.57334 26.7208
7.17271 26.6126
8.1207 26.6831
9.18257 26.8121
9.6391 26.1659
10.3856 26.8407
10.8107 26.296
11.9133 26.7641
12.7274 26.5712
13.0857 26.6605
14.0852 26.7315
14.7211 26.7304
14.9608 26.2655
15.963 26.3009
16.9605 26.2302
17.315 26.7564
18.2277 26.2266
18.7944 26.2502
19.3809 26.1857
20.2274 26.6369
20.7758 26.1785
21.5481 26.8637
22.601 26.5032
22.6963 26.1811
23.97 26.1867
24.5597 26.2949
24.86 26.2816
26.0389 26.8692
26.1869 26.1968
27.2851 26.1726
28.1598 26.5886
28.4176 26.7431
28.9974 26.2105
29.9559 26.3311
30.4814 26.7458
31.702 26.6805
32.1913 26.8443
33.0047 26.2367
33.8691 26.7379
33.9684 26.5305
34.9421 26.3025
35.9681 26.5659
36.081 26.8127
36.7939 26.508
37.8591 26.2957
38.7876 26.6671
38.9826 26.3513
39.7244 26.1839
40.9222 26.5247
41.2564 26.7957
42.4224 26.5978
42.4975 26.5108
43.6146 26.4944
44.1666 26.2861
0.682211 27.4982
1.40167 27.0927
1.95203 27.4201
2.79331 26.8945
3.39403 27.2655
4.08416 27.2687
4.64406 26.9484
5.0488 27.4787
6.12322 27.2148
7.03746 27.5322
7.07458 26.9338
7.94764 27.0894
9.02963 27.3554
9.22282 26.897
10.3385 26.881
11.2178 27.3547
11.5393 27.4417
12.7261 26.8718
13.0925 27.1723
14.1228 27.2033
14.6722 27.0627
15.0725 26.8901
16.2425 26.9262
16.6683 27.1865
17.4415 26.8801
18.0573 27.2565
19.0691 26.8796
19.4709 27.3246
19.8415 27.5648
21.0859 26.9275
21.6932 26.9293
22.3469 27.0734
23.228 26.9158
23.3469 27.0645
24.3406 26.9143
25.4231 27.0221
25.7199 26.9744
26.7981 26.9642
27.3575 27.2634
27.6135 27.3331
28.7804 26.8827
29.1458 26.948
29.8471 26.8827
30.9411 26.9274
31.6786 26.9764
32.0583 26.8928
33.1688 27.4731
33.452 27.2615
34.4006 27.4323
34.8759 26.9507
35.8564 27.1905
36.4884 27.276
36.8289 27.0714
37.72 27.5427
38.5971 27.2906
39.5814 27.4934
40.2201 27.2421
40.5795 27.5554
41.5677 26.8923
41.8412 26.8923
42.8871 27.5145
43.1648 27.2682
43.8411 26.8747
0.226861 28.0805
1.41298 28.0908
1.93916 27.7912
2.12298 27.5999
3.37717 28.0826
4.05419 27.8324
4.64519 27.9708
5.11046 28.1102
6.04637 27.6556
7.04496 27.6026
7.11947 27.9481
7.86797 27.8067
9.06077 28.059
9.86296 27.6652
10.2581 28.2772
11.012 27.6202
11.4491 28.1927
12.4746 27.806
13.2222 27.6493
13.4441 28.0513
14.769 27.8129
15.5245 27.6223
15.6266 27.7204
16.6695 28.2089
17.2057 27.606
18.3762 27.6007
19.0447 28.2497
19.1883 27.8725
20.4992 27.7626
20.6403 27.7745
21.3218 27.6896
22.0548 28.0297
23.1291 27.6964
23.9545 28.2632
24.1467 27.9457
25.1509 28.2603
25.874 27.5899
26.534 28.0262
27.0116 28.1538
28.1224 27.707
28.3704 27.8012
29.3876 28.0249
29.7793 27.6028
30.9607 27.6724
31.5339 27.684
31.8446 27.7525
32.7024 27.684
33.5152 27.7683
33.9714 27.7904
35.1511 28.1434
35.4762 27.8445
36.7396 27.8586
37.4013 27.9654
37.4849 27.8299
38.6077 27.89
39.582 27.6261
39.6796 27.9915
40.8882 27.7276
41.5718 27.8973
42.2377 27.8293
42.7551 27.6035
43.3833 28.1658
43.9033 27.8503
0.0281203 28.683
1.04023 28.658
2.07033 28.979
2.7526 28.9002
3.20492 28.979
4.18293 28.382
4.26233 28.5596
5.52559 28.9032
6.31477 28.2858
6.77537 28.7195
7.52179 28.6694
8.44922 28.7409
8.75777 28.9842
9.51375 28.9575
10.564 28.5142
11.1952 28.9665
11.5938 28.8105
12.6902 28.7082
12.7772 28.7964
13.9476 28.5438
14.4209 28.781
15.3345 28.6768
15.804 28.9901
16.3115 28.4601
17.658 28.297
18.351 28.7463
18.6735 28.8401
19.4112 28.4628
19.9364 28.6156
20.7825 28.3193
21.6288 28.94
21.9889 28.4857
23.1792 28.892
23.586 28.6433
24.3471 28.8552
25.3137 28.3046
26.0889 28.607
26.8246 28.964
27.1506 28.2957
28.2714 28.9167
28.3189 28.9693
29.2244 28.4915
30.3186 28.4428
30.412 28.5241
31.1795 28.9131
31.917 28.9621
33.0897 28.3937
33.8711 28.5282
34.1364 28.5235
34.8007 28.3491
36.026 28.9888
36.433 28.5977
37.2046 28.4569
38.1834 28.668
38.7292 28.3146
39.1435 28.9475
40.1001 28.4329
40.6458 28.5532
41.2331 28.3122
42.1439 28.8014
42.4298 28.3146
43.175 28.3826
44.1432 28.7483
0.423337 29.507
1.14148 29.5696
2.0028 29.0003
2.67681 29.6873
3.46995 29.0783
3.89053 29.3379
4.92146 29.3093
5.60899 28.9947
5.99427 29.3044
6.79905 29.3885
7.53012 29.642
8.05166 29.5511
9.11489 29.6085
9.70707 29.3807
10.2412 29.6291
11.1973 29.1257
12.0081 29.4434
12.084 29.5177
13.1945 29.0196
13.7362 29.0077
14.6552 29.6429
14.9862 29.3248
16.0167 29.0774
16.8715 29.1762
17.5006 29.0052
18.3755 28.9979
18.6386 29.1432
19.2325 29.3103
20.1559 29.2036
20.5515 29.0075
21.8822 29.0186
22.6204 29.0546
22.846 29.0101
23.4174 29.2578
24.5176 29.0342
24.9014 29.2287
25.6147 29.1463
26.6703 29.5609
26.9732 29.0846
27.8399 29.5834
28.5402 29.1727
29.3035 29.6063
30.3127 29.4118
30.4198 29.5634
31.799 29.6981
32.1235 29.2431
33.1513 29.2478
33.7983 29.645
34.3452 29.4267
34.6585 29.6855
35.9628 29.0742
36.7623 29.6769
37.2004 29.4208
38.1763 29.2013
38.1996 29.2774
39.2856 29.0804
39.7152 29.3589
40.7827 29.545
41.5999 29.2755
41.8462 29.1031
42.4303 29.0011
43.1504 29.0241
43.9942 29.5607
0.306342 29.9873
0.949923 29.8236
1.60809 30.3806
2.29312 30.2169
3.2115 30.2557
3.61247 30.032
4.60009 29.7007
5.15609 30.1021
6.26183 30.4027
6.60046 30.2624
7.33127 29.7165
8.46136 30.22
8.64759 29.984
9.89624 30.3629
10.0786 30.0016
11.1708 30.0088
11.4789 30.0476
12.4237 29.7714
13.3821 30.0503
13.9774 29.9789
14.1951 29.9049
15.5217 29.7968
15.8034 30.0633
16.895 29.801
17.3202 29.9888
18.0259 29.8561
19.0084 30.3191
19.2341 30.0026
20.4047 29.7161
20.6449 30.0535
21.5716 30.0818
22.6167 29.7188
23.1924 29.8919
23.8842 29.8081
24.7207 30.2135
25.0183 30.2559
25.869 30.127
26.2463 29.9337
27.468 29.9536
28.2831 30.3328
28.347 30.0753
29.6373 30.1866
29.7937 30.3552
30.9644 29.8897
31.7272 29.7498
32.5133 30.4034
32.913 29.9106
33.7978 29.7689
33.9591 30.4006
34.7658 29.8032
35.6026 30.2917
36.6033 30.159
37.4751 30.0503
37.6014 30.2209
38.8599 29.9064
38.9457 29.9277
39.623 29.8251
40.708 30.1935
41.0561 29.7205
42.113 29.8009
42.5761 29.7032
43.7723 29.9626
43.8774 29.7989
0.642607 31.0383
0.832669 30.9815
1.52783 30.4177
2.6376 30.8968
2.98141 30.4491
3.75342 31.0995
4.82591 30.8968
5.45386 30.976
6.26147 30.8397
6.44357 30.4764
7.6753 30.6595
8.2502 30.6277
9.15982 31.0581
9.20525 30.9335
9.98624 30.7173
11.0208 30.8821
11.9834 30.6112
12.3302 30.8232
13.3271 31.0152
14.0906 30.8076
14.4056 30.6113
15.1404 30.9192
16.1405 30.4715
16.9163 30.9179
17.1397 30.9723
17.7741 30.9864
18.596 30.6785
19.713 30.4959
19.8381 31.0792
20.8658 30.6854
21.8853 30.4171
22.0543 30.5456
22.8882 30.8707
23.4175 30.8777
24.2598 30.5749
25.3369 30.5932
26.1404 30.7986
26.168 30.7765
27.2115 31.0704
28.2519 30.6672
28.2863 31.0545
29.6949 30.4168
30.2518 30.6849
30.6462 30.8407
31.206 30.9129
32.0438 30.7167
32.813 30.9695
33.2349 31.0902
34.1698 30.7353
35.1972 30.7034
35.6427 30.6252
36.7671 30.7723
36.7976 30.8159
38.0481 30.6208
38.4919 30.8383
39.5738 30.9007
39.9597 30.7734
40.4102 30.4953
41.3929 30.655
41.9055 30.7871
42.862 30.668
43.2245 30.4843
44.458 30.4466
0.600677 31.3572
0.720385 31.1404
1.56422 31.677
2.51008 31.1691
3.47617 31.4508
4.20479 31.8061
4.50411 31.6854
5.65213 31.8027
6.17619 31.1279
6.79466 31.2489
7.17358 31.2617
8.13124 31.5496
9.12061 31.373
9.20885 31.7497
10.12 31.3376
11.2237 31.2615
11.5196 31.4972
12.3425 31.5446
13.3213 31.1331
13.8229 31.4615
14.3816 31.6241
15.2145 31.5142
15.8861 31.6463
16.8629 31.3985
17.0685 31.695
18.3654 31.7928
18.6661 31.4384
19.6842 31.5791
20.0294 31.3553
21.2056 31.1361
21.3776 31.2887
22.5194 31.7164
22.8551 31.7045
23.9506 31.2091
24.4022 31.1654
24.9633 31.2277
25.5529 31.1196
26.3567 31.7145
27.0099 31.7262
27.9538 31.2883
28.9531 31.2529
29.0183 31.1272
30.3879 31.1154
30.7036 31.3714
31.3688 31.6512
32.1946 31.6586
32.5827 31.5381
33.9278 31.8113
34.1789 31.4202
35.2005 31.4598
35.9329 31.3237
36.3623 31.7909
37.4559 31.2103
37.703 31.2158
38.868 31.7687
39.0373 31.6131
40.163 31.312
40.3792 31.207
41.388 31.2762
41.809 31.5643
42.9738 31.2808
43.5294 31.5059
43.9323 31.5597
0.409312 32.2843
1.40822 32.2313
1.45565 31.9088
2.40806 32.2136
3.40688 32.5139
4.22839 32.2178
4.37986 31.8789
5.18081 32.5226
6.28095 32.3088
6.38033 32.5161
7.3069 32.1156
8.29772 32.1618
8.49158 32.4988
9.36029 31.9879
10.464 31.9118
10.9028 32.2942
11.3318 32.5021
12.6014 32.5134
13.3945 32.0286
13.4677 31.9517
14.7816 32.4997
15.4062 31.9698
16.1056 32.0892
16.3883 32.4285
17.3822 31.9064
17.7431 31.9859
19.0679 32.5115
19.2584 32.3268
19.8093 32.5087
20.9535 31.9839
21.6335 32.0808
22.3553 31.9218
23.0074 32.1721
23.9885 32.3656
24.0686 32.46
25.161 32.0396
25.4866 32.1174
26.2198 31.8647
27.1382 32.0932
28.16 31.8619
28.7655 32.2507
29.4681 32.525
29.7889 32.3459
30.7605 32.1093
31.4352 31.9625
31.8238 32.5076
32.7555 31.9678
33.5774 32.0298
34.646 32.5076
34.7994 32.3363
35.7449 32.4509
36.6737 31.9928
37.1711 32.1741
37.6633 32.22
38.3195 32.0876
39.2269 32.5078
40.2969 32.3873
40.3082 32.2996
41.1957 32.1557
42.1439 32.1672
42.4408 32.3243
43.251 32.4841
43.8425 32.3864
0.585801 33.0378
1.3781 33.1514
1.94423 33.0995
2.79359 33.097
3.48252 32.9545
4.13536 32.6314
4.86128 32.6273
5.16854 32.5558
6.12213 32.861
7.05059 33.2325
7.77471 32.5428
8.16219 32.5491
9.19232 33.1094
9.46836 33.2285
10.1013 32.7215
11.1706 33.0394
11.7099 32.5924
12.2744 32.59
12.9256 33.0936
13.6122 33.1119
14.6813 32.5996
15.1225 32.8596
15.9006 32.5423
16.563 32.578
17.1224 32.8773
18.1696 32.9469
18.7017 32.7583
19.5934 32.7452
20.2309 33.1782
20.8037 32.6147
21.7749 32.8782
22.0891 32.992
23.0773 32.7777
23.4115 33.1823
24.6568 32.9076
25.2269 33.0928
25.7913 33.1053
26.2379 32.9986
27.4338 32.5535
27.9024 32.9547
28.8971 32.8356
29.092 33.2121
30.0183 32.7795
31.087 33.0706
31.1692 33.1859
32.4512 32.9303
33.067 33.0832
33.6997 33.0355
34.5422 32.6039
34.6657 32.5606
35.7049 33.014
36.6708 33.2198
37.4275 32.5396
37.6999 32.8726
38.5518 33.0602
39.0734 32.7446
40.1955 32.7809
40.5123 32.7657
41.2157 32.7198
41.816 33.2247
43.069 32.5469
43.6981 32.5481
43.9116 33.1027
0.692455 33.2416
0.843599 33.4596
2.09298 33.8488
2.32497 33.473
3.04806 33.5524
4.21196 33.4537
4.35437 33.7965
5.08502 33.602
6.15071 33.6686
6.8523 33.5443
7.77038 33.5167
7.96327 33.5425
8.94741 33.3755
9.68971 33.2908
9.91675 33.3272
10.738 33.2397
11.9599 33.2656
12.3428 33.6054
13.0375 33.9049
14.0857 33.8538
14.7068 33.5217
15.3547 33.8127
16.2587 33.3263
16.9108 33.8045
17.1757 33.9037
18.3611 33.888
18.897 33.6194
19.2274 33.3264
20.3478 33.6585
20.5396 33.4585
21.2204 33.926
22.5525 33.7577
22.6546 33.8558
23.7218 33.3293
24.7076 33.7227
25.3781 33.3316
25.4679 33.9243
26.7057 33.8111
27.3781 33.3316
27.7644 33.7898
28.4921 33.8999
29.3245 33.5014
29.9282 33.9279
30.4197 33.8176
31.2951 33.3343
32.2564 33.9045
33.1857 33.921
33.4404 33.8469
33.9666 33.5595
35.25 33.3199
35.8119 33.5325
36.6911 33.2488
37.2688 33.7894
37.5033 33.9135
38.5919 33.3246
39.4149 33.7609
39.6795 33.554
40.5575 33.6941
41.0772 33.267
42.0975 33.714
43.1027 33.9224
43.5296 33.6093
43.8706 33.2691
0.488404 34.2648
1.3973 34.3934
1.91796 34.4404
2.48177 34.638
2.86492 34.2144
3.87792 34.198
4.85544 34.4088
5.38211 34.3353
6.34504 33.9411
6.75845 34.1888
7.70421 33.9893
8.16583 34.2938
9.08094 34.4416
9.53396 34.6394
10.4083 34.113
10.6093 34.6028
11.485 34.1193
12.6095 34.5691
13.4058 33.9507
13.4412 33.9515
14.53 34.1597
15.4737 34.0094
16.0717 34.579
16.4851 34.5813
17.4171 33.9592
17.7696 33.9857
19.0411 34.6212
19.3554 33.994
20.3582 33.9942
20.5202 34.6418
21.6419 34.5956
22.3982 34.2241
23.0923 34.1535
23.3704 34.2677
24.7257 34.0934
24.8296 34.5044
25.5146 34.058
26.2732 34.5551
27.339 34.6207
28.208 34.601
28.3133 34.2451
29.6464 34.4665
29.9767 33.9493
30.6278 34.1049
31.2596 34.046
32.4645 33.9465
32.8528 33.9654
33.3595 34.2167
34.5338 34.0425
35.1898 34.305
36.0315 33.9754
36.1806 34.1731
36.7723 34.6444
37.6345 33.9666
38.6454 34.0609
38.9375 33.9897
40.2406 34.4568
40.3597 34.2601
41.2359 34.3596
42.2403 34.4922
42.7619 34.0694
43.233 34.4658
44.3759 34.1378
0.259405 34.8663
1.17463 34.95
1.95718 35.1784
2.20017 35.0184
2.87077 34.6559
3.90036 34.7051
4.27844 35.2255
5.63949 34.6498
6.03018 34.9526
6.68973 35.1996
7.70215 35.1234
8.48078 34.7193
8.79184 34.9809
9.63657 34.6668
10.1986 34.7192
11.1037 35.1753
11.3224 35.3255
12.5278 34.8796
13.3632 35.3255
13.5043 34.9168
14.6348 35.3405
15.489 34.6696
16.1948 34.6491
16.6275 34.8855
17.001 35.3544
17.913 34.782
18.6106 34.8564
19.7721 35.3054
20.1451 34.7921
20.5598 34.6894
21.6875 34.7296
22.1269 34.8168
23.0568 35.3416
23.6176 34.6835
24.0568 35.3416
25.2213 35.1516
25.9421 34.7238
26.1956 34.8999
27.1805 35.2354
28.178 35.1647
28.771 34.9497
29.1706 34.9614
30.1702 34.9879
30.4628 35.1529
31.1978 35.3319
31.9467 35.2252
32.5342 34.9043
33.8858 35.3433
34.5658 34.7626
34.6652 34.6618
35.6033 34.8171
36.6215 34.6767
37.4089 34.8513
37.6026 34.8702
38.451 34.7262
39.1762 35.2373
39.6725 35.0075
40.8942 35.2136
41.1245 34.9245
42.2124 34.7915
43.0724 35.1515
43.146 34.9523
44.5194 35.3473
0.116637 35.6445
1.18741 35.9139
2.11632 35.6091
2.13261 35.6406
3.12191 35.4062
3.73054 36.0624
4.84217 35.4087
5.0878 35.3814
6.24382 35.3558
6.97692 35.8212
7.07623 36.0088
7.91638 35.4642
8.80509 35.9808
9.43876 35.7434
10.5074 36.0089
10.6421 35.7402
11.3839 35.3605
12.4754 35.601
13.3016 35.3605
13.8606 35.8308
14.7695 35.6092
14.9772 35.8952
16.0176 36.0112
16.648 35.5679
17.15 35.4796
17.9654 35.8485
19.046 35.7671
19.5721 35.4797
20.4777 36.0141
20.672 35.7416
21.7153 35.7788
22.0721 35.5888
23.1188 35.6883
23.4393 35.3942
24.2288 35.4942
25.439 35.3589
26.1383 35.729
26.2006 35.4644
27.3026 35.648
28.2357 35.4956
28.4025 35.9234
29.3991 35.6247
29.9378 35.9606
30.9945 35.5541
31.7999 35.3631
32.0068 35.7799
32.9473 35.9067
33.7309 35.5133
34.0759 35.7292
35.2189 35.5428
35.7877 35.7105
36.7448 35.3842
36.8846 35.5662
38.0664 35.7561
38.3328 35.5534
39.3703 35.8057
40.1919 35.4556
40.3422 35.4516
41.6264 35.8989
41.805 35.7028
42.8003 35.6056
43.7183 35.8806
44.2028 35.9784
0.26603 36.3683
1.35416 36.3416
1.61407 36.7201
2.77545 36.3588
3.11659 36.5451
4.2374 36.3109
4.72277 36.4044
5.0938 36.3945
5.75154 36.1968
6.55273 36.1657
7.6091 36.5937
7.89569 36.7689
8.61116 36.0778
9.75067 36.7361
10.334 36.2544
11.0378 36.5381
11.3863 36.4647
12.2038 36.7381
13.2546 36.6408
14.1032 36.1117
14.1951 36.1947
15.3602 36.2349
16.0056 36.3116
16.811 36.5545
17.1205 36.7085
18.0044 36.2408
18.3863 36.7475
19.5226 36.2738
20.2823 36.1655
21.2081 36.6976
21.4406 36.4082
22.6208 36.7338
22.6457 36.759
23.9786 36.7254
24.7455 36.5448
24.8458 36.1329
25.7298 36.7476
26.4103 36.1001
26.9389 36.7346
28.1294 36.1635
28.6859 36.3284
29.2113 36.7431
30.0766 36.4196
31.0978 36.7598
31.7778 36.1778
31.8387 36.0908
32.5853 36.0936
33.4022 36.0965
34.0607 36.4159
35.127 36.5283
36.0381 36.1162
36.5519 36.572
36.8515 36.7238
38.16 36.7049
38.5614 36.6254
39.0385 36.2623
40.1433 36.4544
40.3732 36.4524
41.4233 36.0696
42.2261 36.304
42.465 36.7367
43.1453 36.7313
43.8945 36.7098
0.487928 36.7703
0.962321 37.2426
1.71081 36.8235
2.30569 37.2321
3.39538 37.3874
4.14226 37.1263
4.53297 36.8236
5.09788 37.0477
6.17231 36.7838
6.39621 36.9413
7.09405 37.1716
8.39621 36.9414
9.08278 36.9596
9.22205 36.9341
10.05 37.2135
11.0602 37.2594
11.3763 37.0291
12.2152 36.7716
13.361 36.7819
13.687 37.021
14.4754 37.2847
15.412 36.807
16.0792 36.7826
16.376 37.402
17.6125 37.1608
17.9911 37.2407
18.4383 36.7956
19.1205 37.1963
19.9753 37.295
20.6997 37.0773
21.354 37.4554
22.1188 36.9574
22.6968 36.808
24.0279 36.7762
24.7432 37.0567
24.7766 37.2484
26.0637 37.1331
26.7279 36.8095
27.56 37.0668
27.9748 37.1543
28.346 37.1576
29.6369 36.9155
29.8967 36.9692
30.4961 36.9612
31.3852 37.4349
32.4007 37.2762
32.5306 37.4654
33.2845 36.8085
34.4097 37.2773
35.2842 36.7731
35.4904 36.9528
36.2185 37.0998
37.3116 36.8489
37.7352 36.8658
38.2206 36.7723
38.912 36.8442
39.7008 37.2353
40.5887 37.3483
41.5315 37.0002
41.7416 36.9782
42.547 36.989
43.188 36.7878
43.9922 36.8123
0.228274 38.1622
1.25499 37.6534
1.43134 37.4882
2.58104 37.5544
3.4138 37.5925
3.57103 37.6955
4.56102 37.8367
5.15086 37.6449
6.32398 37.5545
6.80994 38.1595
7.17262 37.5523
8.43584 37.7222
8.50578 37.7764
9.64521 37.7865
9.90711 37.5257
10.7799 38.0178
11.7326 37.9431
12.6921 37.529
12.7431 37.5781
13.5358 38.0295
14.7509 37.5589
15.2995 37.8778
15.7441 37.9924
16.6705 37.7311
17.3863 38.1429
18.2326 38.0172
19.085 37.9238
19.2154 37.8325
20.178 38.1034
21.2091 37.6734
21.2135 37.7441
22.5023 37.542
22.6563 37.5016
23.856 37.8708
24.3279 37.7479
25.22 38.1235
26.0437 37.6972
26.6127 37.8205
27.2786 38.1422
28.0325 37.4852
28.4036 37.4885
29.0268 37.5913
29.8769 37.7188
30.8547 37.9297
31.8002 38.1489
31.8241 38.1749
32.5424 37.4787
33.4477 37.565
34.5778 37.4826
34.7043 37.6064
35.6079 38.0693
36.1708 38.1118
37.1187 37.7991
37.4985 37.4827
38.3407 37.6616
39.2773 38.1393
39.6112 37.5591
40.608 37.4795
41.5699 37.9634
41.7193 37.5096
42.496 38.1395
43.568 37.875
44.4008 37.5299
0.347381 38.2679
1.28808 38.6934
1.78198 38.7131
2.4463 38.5387
2.85311 38.2901
4.16728 38.7725
4.41758 38.3463
5.57467 38.4722
6.0116 38.4481
6.91186 38.2818
7.72273 38.426
8.00213 38.6425
8.4985 38.8724
9.8338 38.8133
10.4166 38.4499
10.6249 38.2331
11.9499 38.1992
12.3712 38.5198
13.193 38.7749
13.8601 38.7187
14.8339 38.5229
14.9549 38.759
16.108 38.5579
16.3615 38.6821
17.6435 38.208
17.766 38.2266
18.3999 38.2013
19.1491 38.8303
20.1074 38.2845
21.181 38.202
21.4007 38.824
22.0724 38.5012
22.9831 38.761
24.0395 38.7414
24.6788 38.7925
25.394 38.2998
25.6324 38.4828
26.2327 38.3575
27.553 38.3628
28.0192 38.4852
28.5427 38.3453
29.5969 38.7313
29.9248 38.8013
31.0702 38.8319
31.1186 38.8836
32.0734 38.4001
33.2226 38.8075
33.9242 38.2395
34.4199 38.5767
34.7168 38.691
36.0023 38.6398
36.7148 38.5859
37.2019 38.7934
37.7617 38.8656
38.5995 38.6694
39.0019 38.4136
39.8778 38.5229
40.3167 38.2678
41.3952 38.4631
42.3589 38.4462
42.4715 38.2059
43.5499 38.2457
44.372 38.8328
0.159535 39.3268
1.36994 39.146
1.50039 39.2373
2.48372 39.552
3.44534 39.358
3.66165 39.2373
4.6992 39.195
5.44033 39.4995
6.15183 39.4017
7.06412 38.9891
7.43967 39.4694
8.43411 39.3781
8.72192 38.9268
9.44358 38.9268
10.5728 39.5583
10.979 39.2767
11.4093 39.0683
12.1809 39.3723
13.3909 39.0253
13.8884 39.2951
14.1745 39.5315
15.1627 39.045
15.7743 39.5191
16.6103 39.093
17.6078 39.0223
18.12 39.5058
18.6075 38.9958
19.6 39.1991
20.2052 39.5704
20.8641 38.9647
21.758 38.9245
22.2161 38.955
23.1287 39.537
23.5778 39.2262
24.6724 38.9516
24.7731 39.578
25.6837 39.1015
26.6724 38.9516
27.4991 39.4128
28.2708 39.471
28.4627 39.4384
29.2715 39.0552
30.0732 39.1415
30.413 39.5923
31.609 39.1515
31.9609 39.1656
32.769 39.4512
33.2601 39.5671
34.5824 38.9102
34.7716 39.0592
35.911 39.1808
36.6308 39.5824
37.427 38.8985
38.1752 38.9512
38.6523 39.3142
38.8931 39.4257
40.0759 39.5043
40.905 39.0842
41.0471 38.9512
42.0191 38.8969
42.7526 39.5762
43.1775 39.1532
44.1931 39.1977
0.5153 40.2608
1.37388 39.626
1.48985 39.6694
2.17384 39.6331
3.02103 40.283
3.54971 39.6486
4.91478 39.6398
4.99571 39.9658
6.30499 39.7007
6.81939 40.2553
7.73545 39.6063
7.98885 39.6424
9.11187 39.714
9.21494 39.7396
10.0408 39.747
10.8067 39.7658
11.3418 40.1673
12.1858 39.7435
13.3265 39.9202
13.621 40.2492
14.3718 39.6497
14.9386 39.845
16.1031 39.6489
16.8384 39.724
17.1696 39.6678
18.3511 39.6361
18.4644 39.6861
19.4538 39.8182
20.0797 39.6361
20.9474 40.1548
21.4171 39.6734
22.5735 39.6977
23.2677 39.9916
23.3544 39.6671
24.6906 39.631
25.044 40.1128
26.11 39.7785
26.6061 39.9494
27.1569 39.7874
27.7104 40.1639
28.9729 40.2985
29.4387 40.1333
29.9284 39.7874
31.0079 40.0008
31.3939 40.1281
32.4084 40.0877
33.118 39.7001
33.651 39.749
34.1581 40.1776
35.1954 39.8865
35.5899 40.2395
36.1578 40.1423
37.1916 40.136
38.1233 39.7728
38.6257 40.0302
39.2508 40.1391
40.2362 39.8945
40.544 39.6871
41.0366 39.891
42.0001 39.9166
42.6206 39.6652
43.2797 39.9796
43.856 39.6059
0.686526 40.3864
1.31721 40.6583
1.50845 40.6943
2.28107 40.6498
2.87739 40.3864
3.98362 40.554
4.92038 40.9095
5.001 40.5653
6.13855 40.4017
6.98172 40.3626
7.46878 40.5701
7.97557 40.6423
8.58635 40.5553
9.61006 40.7408
10.5458 41.0047
11.2782 40.6978
11.3752 40.359
12.6324 40.805
12.7386 40.9236
13.996 40.5142
14.3368 40.6611
14.9283 40.7588
16.1 40.3362
16.3967 40.6139
17.1776 40.9755
17.811 41.0119
18.6282 40.7424
19.1272 40.3229
19.8354 40.9765
21.0912 40.9665
21.3874 40.3802
21.975 40.4988
23.2565 40.626
23.3371 40.9701
24.3253 40.7559
25.2365 40.3437
25.652 40.6717
26.4692 40.9413
27.2904 40.8538
28.1818 40.3125
28.781 40.3311
29.0019 41.0096
29.7661 40.3548
31.0044 40.3987
31.198 40.7352
31.8241 41.0096
33.1713 40.3275
33.6012 40.4515
34.1656 40.319
35.1719 40.3096
35.9637 40.4395
36.4764 40.5716
36.7767 40.5849
37.7352 40.306
38.7003 40.5895
38.9055 40.3958
39.7096 40.9909
40.8278 40.381
41.1568 40.4489
41.9285 40.3907
42.8236 40.3914
43.176 40.3391
44.4474 40.4124
0.651794 41.0126
1.20611 41.1233
1.56064 41.6495
2.72889 41.2394
3.50044 41.1606
3.56133 41.1245
4.56315 41.5566
4.95181 41.6827
5.84026 41.2129
6.65497 41.1327
7.64488 41.3767
8.22721 41.6282
9.07373 41.5
9.62728 41.6415
10.0122 41.2781
10.9275 41.5212
11.9154 41.3375
12.1154 41.5118
13.1238 41.2332
13.9713 41.5211
14.6048 41.4847
15.3856 41.1231
16.1112 41.0297
16.9653 41.0781
17.5105 41.0199
17.7405 41.0179
18.8158 41.5813
19.2787 41.4079
20.0757 41.1252
21.1408 41.0502
21.7101 41.3361
22.0531 41.058
23.3217 41.5705
23.5393 41.4019
24.6595 41.1605
24.7884 41.2377
25.842 41.1396
26.7208 41.6842
27.2654 41.0666
28.2834 41.4452
28.315 41.5557
29.259 41.2257
29.7281 41.4713
31.031 41.4944
31.7203 41.1059
32.1432 41.0629
32.6484 41.5757
33.9214 41.3423
34.3737 41.0463
34.9187 41.7122
35.9948 41.1289
36.7633 41.2392
37.1645 41.5279
37.6586 41.718
38.8414 41.6394
39.3344 41.3644
39.6878 41.0188
40.5992 41.2445
41.5415 41.1678
42.0676 41.4553
42.5893 41.1537
43.53 41.5792
43.8825 41.6058
0.317275 42.25
0.866273 42.0463
1.92557 41.9563
2.73003 42.2617
2.85305 42.276
4.01077 42.021
4.38103 41.7495
5.01042 41.9944
5.99076 41.7388
6.97598 42.364
7.67602 42.0803
7.78127 41.7796
8.94388 42.0132
9.27579 42.2917
10.3009 42.4258
10.9307 42.2429
11.8966 41.8468
12.6415 41.7992
12.8962 41.8734
14.0446 41.7868
14.7892 41.8037
15.3013 42.2872
16.0918 42.2718
16.514 41.9
17.3865 42.3518
18.0765 42.0247
18.9239 42.3126
19.7787 42.2138
20.4329 41.7723
21.159 42.4237
21.3914 41.7589
22.1987 42.386
23.1312 42.1939
23.8764 41.8101
24.2776 42.0989
25.3691 42.3393
26.0687 42.1624
26.5437 41.8574
27.4225 42.0176
27.6515 42.4156
28.4012 41.7397
29.5257 42.1895
30.0129 41.8827
31.1093 41.985
31.1225 41.9521
32.3035 41.8872
33.0547 41.8411
33.4925 42.1125
34.3232 41.7873
35.1071 41.8441
35.9545 42.1319
36.1843 42.1421
37.2826 41.796
37.8323 41.7515
38.5535 41.726
39.0638 42.1544
39.8097 42.0513
40.4972 42.2421
41.7143 41.8158
42.0981 42.3642
42.6254 42.2279
43.7093 41.9573
44.3402 42.1203
0.242258 42.5411
1.00275 43.0352
2.07627 42.5286
2.21101 42.8932
3.1622 42.55
4.19117 43.0046
4.27741 42.9848
4.99714 42.9944
5.88676 42.7143
6.89839 42.6544
7.32281 42.4666
8.29341 43.1317
9.18069 42.8836
9.22556 42.4797
10.2769 42.4731
11.1806 42.9013
11.3318 43.1193
12.6811 42.8499
12.7507 42.8627
13.5891 42.5944
14.6927 42.7341
15.3194 42.9884
15.7451 42.5048
16.6877 42.5926
17.1478 42.4675
17.9573 43.0176
18.5015 42.4667
19.6236 42.6943
19.8492 43.0323
21.1415 42.9177
21.8424 42.4944
22.1642 42.4957
23.1336 42.7409
23.4131 42.5244
24.2689 43.0346
25.1136 42.4587
25.7096 43.0957
26.6311 42.9892
26.9761 42.5825
28.1636 42.8991
28.4428 43.0516
29.4359 42.4277
30.1551 43.0138
30.5257 42.7735
31.3356 42.6612
32.1849 42.9768
32.5751 42.8633
33.2352 42.427
34.6409 43.0592
35.2153 42.8675
35.6 42.7739
36.7323 42.4297
37.1954 42.5275
37.54 42.4548
38.8131 42.6601
38.9322 42.4634
39.6958 42.4779
40.9172 42.4411
41.2509 42.9411
42.2654 42.9034
42.4565 42.486
43.5509 42.6077
44.0971 42.4677
0.231026 43.1755
1.11951 43.2734
1.46726 43.718
2.77168 43.5909
3.08311 43.7928
3.55003 43.3609
4.90686 43.809
5.16473 43.6545
5.65943 43.1532
6.39617 43.4366
7.191 43.4214
8.38819 43.2114
9.17973 43.2094
9.3657 43.7416
10.2309 43.2145
10.8215 43.8346
11.6295 43.4211
12.0639 43.692
13.3264 43.8265
13.4804 43.7861
14.7997 43.2526
14.8654 43.4169
15.9338 43.2496
16.512 43.2707
17.1488 43.7965
18.3825 43.1959
19.0662 43.7626
19.1571 43.7076
20.2086 43.3717
21.2084 43.2828
21.2576 43.4342
22.2851 43.27
23.2771 43.2506
23.398 43.4867
24.5844 43.5028
24.802 43.7101
26.135 43.1602
26.2665 43.1426
27.4287 43.6288
27.7371 43.2652
28.968 43.2045
29.2325 43.2256
29.8433 43.1385
30.8087 43.1542
31.7608 43.3661
32.403 43.7319
33.0891 43.1609
33.6304 43.3211
34.2822 43.3095
34.7376 43.1682
36.0105 43.1614
36.3482 43.3538
36.9612 43.5176
37.4904 43.5012
38.2893 43.1816
39.099 43.2993
40.2907 43.2205
40.3709 43.5103
41.1906 43.6567
42.2009 43.8133
42.6731 43.571
43.1502 43.2079
44.5341 43.4967
0.542531 43.996
0.877135 44.3835
2.10197 44.1296
2.26877 44.1887
3.2597 43.8746
4.17869 44.0139
4.24913 44.0067
5.30136 43.9732
5.69535 43.8735
6.84135 44.3167
7.51125 44.3122
8.12179 43.9252
9.17341 44.0132
9.67277 44.2152
10.0266 44.5348
11.2116 43.9008
11.5231 43.8408
12.6227 43.8546
12.8343 43.8724
13.9005 44.4839
14.2673 44.0681
15.2517 43.9847
15.7288 44.3478
16.4688 44.5297
17.5431 43.9523
17.8029 44.0059
18.4024 43.998
19.092 44.2699
19.8673 44.324
20.8701 44.2091
21.8669 44.2887
22.1438 44.4788
22.7335 44.0068
23.7278 43.9008
24.4286 44.3377
25.2364 43.981
26.1306 44.1614
26.602 44.09
26.933 43.966
28.102 43.9179
28.4137 44.1513
29.3918 43.887
30.3912 43.8516
31.0824 43.9116
31.1224 44.2451
32.1629 44.2368
33.0812 43.8409
33.8953 44.4215
34.0437 44.1118
34.9805 44.4673
35.5391 43.9401
36.6972 44.1102
37.4417 44.5
38.1237 44.2751
38.4087 43.8972
39.4005 44.0939
40.2775 44.2205
40.3674 44.3015
41.0329 43.8908
42.0416 44.1872
42.948 43.9993
43.6049 43.9342
44.4954 44.3952
